"id" "sesion" "ansiedad" "expectativa"
1 1 17 5
1 2 11 5
1 3 10 5
1 4 8 5
1 5 6 5
1 6 4 5
1 7 NA 5
1 8 NA 5
1 9 NA 5
1 10 NA 5
1 11 NA 5
1 12 NA 5
2 1 21 6
2 2 23 6
2 3 22 6
2 4 23 6
2 5 23 6
2 6 23 6
2 7 21 6
2 8 24 6
2 9 22 6
2 10 22 6
2 11 23 6
2 12 24 6
3 1 16 2
3 2 17 2
3 3 11 2
3 4 11 2
3 5 8 2
3 6 8 2
3 7 5 2
3 8 NA 2
3 9 NA 2
3 10 NA 2
3 11 NA 2
3 12 NA 2
4 1 22 5
4 2 22 5
4 3 18 5
4 4 17 5
4 5 16 5
4 6 15 5
4 7 12 5
4 8 11 5
4 9 8 5
4 10 6 5
4 11 4 5
4 12 4 5
5 1 22 2
5 2 19 2
5 3 19 2
5 4 15 2
5 5 13 2
5 6 13 2
5 7 9 2
5 8 7 2
5 9 4 2
5 10 4 2
5 11 NA 2
5 12 NA 2
6 1 23 4
6 2 21 4
6 3 19 4
6 4 19 4
6 5 18 4
6 6 17 4
6 7 16 4
6 8 15 4
6 9 13 4
6 10 12 4
6 11 11 4
6 12 9 4
7 1 21 5
7 2 19 5
7 3 16 5
7 4 17 5
7 5 14 5
7 6 14 5
7 7 12 5
7 8 10 5
7 9 9 5
7 10 6 5
7 11 6 5
7 12 5 5
8 1 19 1
8 2 20 1
8 3 20 1
8 4 19 1
8 5 22 1
8 6 20 1
8 7 22 1
8 8 20 1
8 9 19 1
8 10 20 1
8 11 20 1
8 12 19 1
9 1 22 1
9 2 19 1
9 3 18 1
9 4 17 1
9 5 14 1
9 6 13 1
9 7 12 1
9 8 9 1
9 9 8 1
9 10 5 1
9 11 4 1
9 12 NA 1
10 1 21 4
10 2 20 4
10 3 20 4
10 4 20 4
10 5 23 4
10 6 22 4
10 7 21 4
10 8 22 4
10 9 22 4
10 10 23 4
10 11 21 4
10 12 23 4
11 1 21 0
11 2 21 0
11 3 19 0
11 4 19 0
11 5 20 0
11 6 19 0
11 7 20 0
11 8 18 0
11 9 19 0
11 10 21 0
11 11 19 0
11 12 20 0
12 1 13 6
12 2 14 6
12 3 10 6
12 4 11 6
12 5 8 6
12 6 9 6
12 7 6 6
12 8 6 6
12 9 4 6
12 10 NA 6
12 11 NA 6
12 12 NA 6
13 1 22 0
13 2 21 0
13 3 21 0
13 4 19 0
13 5 18 0
13 6 16 0
13 7 14 0
13 8 13 0
13 9 12 0
13 10 8 0
13 11 8 0
13 12 6 0
14 1 21 3
14 2 19 3
14 3 18 3
14 4 16 3
14 5 14 3
14 6 12 3
14 7 10 3
14 8 10 3
14 9 6 3
14 10 5 3
14 11 5 3
14 12 NA 3
15 1 19 5
15 2 16 5
15 3 13 5
15 4 13 5
15 5 9 5
15 6 7 5
15 7 7 5
15 8 5 5
15 9 NA 5
15 10 NA 5
15 11 NA 5
15 12 NA 5
16 1 24 7
16 2 20 7
16 3 16 7
16 4 14 7
16 5 13 7
16 6 11 7
16 7 7 7
16 8 5 7
16 9 NA 7
16 10 NA 7
16 11 NA 7
16 12 NA 7
17 1 22 3
17 2 20 3
17 3 20 3
17 4 19 3
17 5 16 3
17 6 18 3
17 7 16 3
17 8 14 3
17 9 14 3
17 10 12 3
17 11 11 3
17 12 9 3
18 1 16 7
18 2 16 7
18 3 12 7
18 4 13 7
18 5 10 7
18 6 8 7
18 7 7 7
18 8 NA 7
18 9 NA 7
18 10 NA 7
18 11 NA 7
18 12 NA 7
19 1 15 0
19 2 11 0
19 3 11 0
19 4 9 0
19 5 4 0
19 6 5 0
19 7 4 0
19 8 4 0
19 9 NA 0
19 10 NA 0
19 11 NA 0
19 12 NA 0
20 1 23 4
20 2 23 4
20 3 21 4
20 4 19 4
20 5 17 4
20 6 16 4
20 7 16 4
20 8 14 4
20 9 12 4
20 10 10 4
20 11 11 4
20 12 11 4
21 1 11 6
21 2 11 6
21 3 11 6
21 4 10 6
21 5 8 6
21 6 7 6
21 7 4 6
21 8 NA 6
21 9 NA 6
21 10 NA 6
21 11 NA 6
21 12 NA 6
22 1 27 3
22 2 26 3
22 3 26 3
22 4 25 3
22 5 23 3
22 6 23 3
22 7 23 3
22 8 23 3
22 9 20 3
22 10 20 3
22 11 17 3
22 12 20 3
23 1 18 5
23 2 16 5
23 3 14 5
23 4 13 5
23 5 11 5
23 6 10 5
23 7 9 5
23 8 7 5
23 9 6 5
23 10 4 5
23 11 NA 5
23 12 NA 5
24 1 13 5
24 2 13 5
24 3 13 5
24 4 12 5
24 5 13 5
24 6 13 5
24 7 14 5
24 8 12 5
24 9 13 5
24 10 14 5
24 11 12 5
24 12 13 5
25 1 16 10
25 2 13 10
25 3 14 10
25 4 14 10
25 5 11 10
25 6 13 10
25 7 13 10
25 8 12 10
25 9 11 10
25 10 11 10
25 11 11 10
25 12 10 10
26 1 18 7
26 2 16 7
26 3 17 7
26 4 17 7
26 5 16 7
26 6 16 7
26 7 13 7
26 8 14 7
26 9 12 7
26 10 10 7
26 11 10 7
26 12 9 7
27 1 17 3
27 2 15 3
27 3 12 3
27 4 11 3
27 5 9 3
27 6 8 3
27 7 4 3
27 8 NA 3
27 9 NA 3
27 10 NA 3
27 11 NA 3
27 12 NA 3
28 1 17 3
28 2 13 3
28 3 10 3
28 4 8 3
28 5 7 3
28 6 4 3
28 7 NA 3
28 8 NA 3
28 9 NA 3
28 10 NA 3
28 11 NA 3
28 12 NA 3
29 1 12 4
29 2 10 4
29 3 9 4
29 4 8 4
29 5 6 4
29 6 5 4
29 7 4 4
29 8 NA 4
29 9 NA 4
29 10 NA 4
29 11 NA 4
29 12 NA 4
30 1 23 4
30 2 21 4
30 3 21 4
30 4 22 4
30 5 18 4
30 6 19 4
30 7 17 4
30 8 17 4
30 9 19 4
30 10 17 4
30 11 17 4
30 12 16 4
31 1 24 3
31 2 25 3
31 3 22 3
31 4 22 3
31 5 20 3
31 6 19 3
31 7 18 3
31 8 18 3
31 9 16 3
31 10 15 3
31 11 14 3
31 12 14 3
32 1 23 7
32 2 21 7
32 3 19 7
32 4 18 7
32 5 17 7
32 6 17 7
32 7 15 7
32 8 12 7
32 9 12 7
32 10 11 7
32 11 8 7
32 12 7 7
33 1 19 2
33 2 20 2
33 3 18 2
33 4 19 2
33 5 18 2
33 6 17 2
33 7 15 2
33 8 17 2
33 9 14 2
33 10 14 2
33 11 14 2
33 12 14 2
34 1 9 3
34 2 10 3
34 3 7 3
34 4 7 3
34 5 7 3
34 6 7 3
34 7 6 3
34 8 5 3
34 9 4 3
34 10 NA 3
34 11 NA 3
34 12 NA 3
35 1 24 1
35 2 23 1
35 3 25 1
35 4 25 1
35 5 27 1
35 6 28 1
35 7 27 1
35 8 27 1
35 9 28 1
35 10 28 1
35 11 28 1
35 12 30 1
36 1 29 0
36 2 27 0
36 3 29 0
36 4 28 0
36 5 29 0
36 6 27 0
36 7 29 0
36 8 29 0
36 9 26 0
36 10 28 0
36 11 27 0
36 12 28 0
37 1 14 3
37 2 11 3
37 3 14 3
37 4 16 3
37 5 15 3
37 6 14 3
37 7 13 3
37 8 15 3
37 9 15 3
37 10 15 3
37 11 15 3
37 12 14 3
38 1 18 1
38 2 20 1
38 3 21 1
38 4 20 1
38 5 20 1
38 6 20 1
38 7 21 1
38 8 20 1
38 9 19 1
38 10 21 1
38 11 20 1
38 12 21 1
39 1 17 3
39 2 16 3
39 3 17 3
39 4 18 3
39 5 16 3
39 6 18 3
39 7 15 3
39 8 15 3
39 9 18 3
39 10 18 3
39 11 16 3
39 12 16 3
40 1 24 5
40 2 22 5
40 3 20 5
40 4 23 5
40 5 22 5
40 6 20 5
40 7 22 5
40 8 20 5
40 9 22 5
40 10 23 5
40 11 17 5
40 12 20 5
41 1 23 4
41 2 22 4
41 3 22 4
41 4 21 4
41 5 22 4
41 6 22 4
41 7 20 4
41 8 19 4
41 9 18 4
41 10 18 4
41 11 16 4
41 12 18 4
42 1 13 3
42 2 15 3
42 3 15 3
42 4 16 3
42 5 16 3
42 6 14 3
42 7 15 3
42 8 16 3
42 9 17 3
42 10 15 3
42 11 18 3
42 12 16 3
43 1 22 3
43 2 20 3
43 3 25 3
43 4 26 3
43 5 25 3
43 6 24 3
43 7 27 3
43 8 28 3
43 9 30 3
43 10 31 3
43 11 29 3
43 12 32 3
44 1 23 2
44 2 26 2
44 3 28 2
44 4 31 2
44 5 30 2
44 6 31 2
44 7 33 2
44 8 35 2
44 9 36 2
44 10 37 2
44 11 39 2
44 12 40 2
45 1 22 2
45 2 21 2
45 3 23 2
45 4 22 2
45 5 21 2
45 6 21 2
45 7 25 2
45 8 23 2
45 9 22 2
45 10 26 2
45 11 25 2
45 12 26 2
46 1 22 6
46 2 24 6
46 3 23 6
46 4 23 6
46 5 24 6
46 6 24 6
46 7 26 6
46 8 22 6
46 9 26 6
46 10 26 6
46 11 24 6
46 12 26 6
47 1 22 5
47 2 24 5
47 3 20 5
47 4 19 5
47 5 17 5
47 6 16 5
47 7 15 5
47 8 15 5
47 9 13 5
47 10 10 5
47 11 10 5
47 12 8 5
48 1 25 4
48 2 24 4
48 3 22 4
48 4 19 4
48 5 17 4
48 6 16 4
48 7 12 4
48 8 10 4
48 9 9 4
48 10 7 4
48 11 5 4
48 12 NA 4
49 1 19 3
49 2 16 3
49 3 17 3
49 4 14 3
49 5 13 3
49 6 10 3
49 7 8 3
49 8 7 3
49 9 6 3
49 10 NA 3
49 11 NA 3
49 12 NA 3
50 1 17 1
50 2 17 1
50 3 12 1
50 4 11 1
50 5 8 1
50 6 9 1
50 7 6 1
50 8 5 1
50 9 NA 1
50 10 NA 1
50 11 NA 1
50 12 NA 1
51 1 18 6
51 2 17 6
51 3 15 6
51 4 12 6
51 5 12 6
51 6 9 6
51 7 8 6
51 8 5 6
51 9 5 6
51 10 4 6
51 11 NA 6
51 12 NA 6
52 1 22 6
52 2 20 6
52 3 19 6
52 4 19 6
52 5 18 6
52 6 18 6
52 7 18 6
52 8 16 6
52 9 16 6
52 10 17 6
52 11 16 6
52 12 13 6
53 1 19 6
53 2 18 6
53 3 14 6
53 4 15 6
53 5 12 6
53 6 12 6
53 7 11 6
53 8 10 6
53 9 9 6
53 10 6 6
53 11 6 6
53 12 4 6
54 1 17 3
54 2 16 3
54 3 16 3
54 4 13 3
54 5 11 3
54 6 9 3
54 7 8 3
54 8 6 3
54 9 5 3
54 10 NA 3
54 11 NA 3
54 12 NA 3
55 1 15 8
55 2 14 8
55 3 13 8
55 4 12 8
55 5 14 8
55 6 11 8
55 7 11 8
55 8 10 8
55 9 8 8
55 10 10 8
55 11 8 8
55 12 6 8
56 1 14 4
56 2 12 4
56 3 13 4
56 4 11 4
56 5 13 4
56 6 12 4
56 7 13 4
56 8 12 4
56 9 10 4
56 10 12 4
56 11 10 4
56 12 11 4
57 1 19 3
57 2 19 3
57 3 18 3
57 4 17 3
57 5 19 3
57 6 20 3
57 7 20 3
57 8 20 3
57 9 19 3
57 10 20 3
57 11 21 3
57 12 21 3
58 1 22 3
58 2 20 3
58 3 23 3
58 4 21 3
58 5 21 3
58 6 22 3
58 7 22 3
58 8 22 3
58 9 21 3
58 10 22 3
58 11 21 3
58 12 21 3
59 1 14 0
59 2 14 0
59 3 16 0
59 4 16 0
59 5 15 0
59 6 13 0
59 7 10 0
59 8 11 0
59 9 10 0
59 10 9 0
59 11 9 0
59 12 6 0
60 1 22 6
60 2 23 6
60 3 23 6
60 4 24 6
60 5 26 6
60 6 28 6
60 7 28 6
60 8 29 6
60 9 29 6
60 10 31 6
60 11 30 6
60 12 32 6
61 1 16 4
61 2 18 4
61 3 16 4
61 4 14 4
61 5 14 4
61 6 12 4
61 7 12 4
61 8 10 4
61 9 11 4
61 10 9 4
61 11 8 4
61 12 9 4
62 1 24 8
62 2 22 8
62 3 21 8
62 4 20 8
62 5 19 8
62 6 17 8
62 7 16 8
62 8 14 8
62 9 11 8
62 10 11 8
62 11 8 8
62 12 9 8
63 1 23 2
63 2 20 2
63 3 16 2
63 4 16 2
63 5 14 2
63 6 13 2
63 7 12 2
63 8 11 2
63 9 9 2
63 10 7 2
63 11 7 2
63 12 6 2
64 1 21 6
64 2 19 6
64 3 15 6
64 4 13 6
64 5 8 6
64 6 6 6
64 7 NA 6
64 8 NA 6
64 9 NA 6
64 10 NA 6
64 11 NA 6
64 12 NA 6
65 1 19 6
65 2 15 6
65 3 14 6
65 4 12 6
65 5 11 6
65 6 9 6
65 7 4 6
65 8 4 6
65 9 NA 6
65 10 NA 6
65 11 NA 6
65 12 NA 6
66 1 18 3
66 2 21 3
66 3 19 3
66 4 18 3
66 5 19 3
66 6 18 3
66 7 17 3
66 8 19 3
66 9 20 3
66 10 19 3
66 11 20 3
66 12 21 3
67 1 20 1
67 2 22 1
67 3 23 1
67 4 21 1
67 5 22 1
67 6 23 1
67 7 24 1
67 8 24 1
67 9 26 1
67 10 26 1
67 11 26 1
67 12 29 1
68 1 21 1
68 2 19 1
68 3 18 1
68 4 20 1
68 5 20 1
68 6 20 1
68 7 19 1
68 8 21 1
68 9 21 1
68 10 22 1
68 11 21 1
68 12 20 1
69 1 23 5
69 2 21 5
69 3 20 5
69 4 16 5
69 5 15 5
69 6 14 5
69 7 10 5
69 8 10 5
69 9 9 5
69 10 6 5
69 11 4 5
69 12 NA 5
70 1 21 6
70 2 24 6
70 3 20 6
70 4 21 6
70 5 20 6
70 6 22 6
70 7 20 6
70 8 19 6
70 9 20 6
70 10 19 6
70 11 19 6
70 12 18 6
71 1 16 1
71 2 15 1
71 3 14 1
71 4 10 1
71 5 10 1
71 6 7 1
71 7 5 1
71 8 5 1
71 9 NA 1
71 10 NA 1
71 11 NA 1
71 12 NA 1
72 1 16 3
72 2 15 3
72 3 11 3
72 4 9 3
72 5 6 3
72 6 NA 3
72 7 NA 3
72 8 NA 3
72 9 NA 3
72 10 NA 3
72 11 NA 3
72 12 NA 3
73 1 22 3
73 2 19 3
73 3 16 3
73 4 15 3
73 5 13 3
73 6 10 3
73 7 9 3
73 8 6 3
73 9 4 3
73 10 NA 3
73 11 NA 3
73 12 NA 3
74 1 21 1
74 2 19 1
74 3 17 1
74 4 20 1
74 5 19 1
74 6 20 1
74 7 16 1
74 8 17 1
74 9 17 1
74 10 16 1
74 11 14 1
74 12 14 1
75 1 15 10
75 2 13 10
75 3 10 10
75 4 9 10
75 5 6 10
75 6 4 10
75 7 NA 10
75 8 NA 10
75 9 NA 10
75 10 NA 10
75 11 NA 10
75 12 NA 10
76 1 18 1
76 2 19 1
76 3 15 1
76 4 16 1
76 5 14 1
76 6 15 1
76 7 14 1
76 8 13 1
76 9 11 1
76 10 11 1
76 11 10 1
76 12 8 1
77 1 18 2
77 2 20 2
77 3 20 2
77 4 18 2
77 5 20 2
77 6 21 2
77 7 19 2
77 8 23 2
77 9 22 2
77 10 23 2
77 11 22 2
77 12 25 2
78 1 14 6
78 2 12 6
78 3 12 6
78 4 10 6
78 5 7 6
78 6 6 6
78 7 NA 6
78 8 NA 6
78 9 NA 6
78 10 NA 6
78 11 NA 6
78 12 NA 6
79 1 20 2
79 2 17 2
79 3 19 2
79 4 18 2
79 5 17 2
79 6 20 2
79 7 19 2
79 8 16 2
79 9 15 2
79 10 15 2
79 11 13 2
79 12 17 2
80 1 15 4
80 2 15 4
80 3 13 4
80 4 14 4
80 5 12 4
80 6 12 4
80 7 11 4
80 8 10 4
80 9 9 4
80 10 9 4
80 11 8 4
80 12 6 4
81 1 14 0
81 2 14 0
81 3 14 0
81 4 12 0
81 5 11 0
81 6 12 0
81 7 8 0
81 8 8 0
81 9 7 0
81 10 7 0
81 11 5 0
81 12 6 0
82 1 20 9
82 2 18 9
82 3 16 9
82 4 8 9
82 5 7 9
82 6 4 9
82 7 NA 9
82 8 NA 9
82 9 NA 9
82 10 NA 9
82 11 NA 9
82 12 NA 9
83 1 17 4
83 2 18 4
83 3 19 4
83 4 21 4
83 5 22 4
83 6 23 4
83 7 26 4
83 8 28 4
83 9 28 4
83 10 32 4
83 11 32 4
83 12 33 4
84 1 25 0
84 2 27 0
84 3 23 0
84 4 23 0
84 5 21 0
84 6 22 0
84 7 19 0
84 8 20 0
84 9 18 0
84 10 18 0
84 11 17 0
84 12 16 0
85 1 21 6
85 2 17 6
85 3 15 6
85 4 12 6
85 5 13 6
85 6 11 6
85 7 8 6
85 8 6 6
85 9 5 6
85 10 NA 6
85 11 NA 6
85 12 NA 6
86 1 18 7
86 2 16 7
86 3 13 7
86 4 10 7
86 5 9 7
86 6 6 7
86 7 NA 7
86 8 NA 7
86 9 NA 7
86 10 NA 7
86 11 NA 7
86 12 NA 7
87 1 19 7
87 2 20 7
87 3 16 7
87 4 13 7
87 5 14 7
87 6 11 7
87 7 11 7
87 8 9 7
87 9 8 7
87 10 7 7
87 11 5 7
87 12 4 7
88 1 23 4
88 2 26 4
88 3 25 4
88 4 26 4
88 5 28 4
88 6 27 4
88 7 26 4
88 8 27 4
88 9 26 4
88 10 25 4
88 11 26 4
88 12 29 4
89 1 22 5
89 2 21 5
89 3 22 5
89 4 21 5
89 5 20 5
89 6 18 5
89 7 19 5
89 8 19 5
89 9 19 5
89 10 18 5
89 11 18 5
89 12 16 5
90 1 21 5
90 2 21 5
90 3 19 5
90 4 20 5
90 5 20 5
90 6 18 5
90 7 18 5
90 8 18 5
90 9 19 5
90 10 20 5
90 11 15 5
90 12 16 5
91 1 22 6
91 2 22 6
91 3 20 6
91 4 17 6
91 5 19 6
91 6 18 6
91 7 17 6
91 8 18 6
91 9 18 6
91 10 18 6
91 11 16 6
91 12 16 6
92 1 21 2
92 2 20 2
92 3 18 2
92 4 17 2
92 5 14 2
92 6 12 2
92 7 14 2
92 8 14 2
92 9 10 2
92 10 10 2
92 11 8 2
92 12 8 2
93 1 20 4
93 2 18 4
93 3 17 4
93 4 15 4
93 5 13 4
93 6 14 4
93 7 12 4
93 8 10 4
93 9 9 4
93 10 9 4
93 11 7 4
93 12 4 4
94 1 21 6
94 2 20 6
94 3 23 6
94 4 18 6
94 5 18 6
94 6 17 6
94 7 17 6
94 8 15 6
94 9 14 6
94 10 14 6
94 11 14 6
94 12 11 6
95 1 18 5
95 2 19 5
95 3 17 5
95 4 16 5
95 5 15 5
95 6 15 5
95 7 15 5
95 8 13 5
95 9 13 5
95 10 11 5
95 11 11 5
95 12 10 5
96 1 23 5
96 2 21 5
96 3 21 5
96 4 22 5
96 5 18 5
96 6 17 5
96 7 18 5
96 8 16 5
96 9 13 5
96 10 14 5
96 11 10 5
96 12 10 5
97 1 21 4
97 2 20 4
97 3 19 4
97 4 17 4
97 5 14 4
97 6 13 4
97 7 15 4
97 8 9 4
97 9 7 4
97 10 6 4
97 11 NA 4
97 12 NA 4
98 1 16 0
98 2 17 0
98 3 16 0
98 4 18 0
98 5 20 0
98 6 18 0
98 7 18 0
98 8 22 0
98 9 20 0
98 10 22 0
98 11 20 0
98 12 21 0
99 1 16 4
99 2 13 4
99 3 9 4
99 4 9 4
99 5 5 4
99 6 NA 4
99 7 NA 4
99 8 NA 4
99 9 NA 4
99 10 NA 4
99 11 NA 4
99 12 NA 4
100 1 18 3
100 2 16 3
100 3 16 3
100 4 15 3
100 5 12 3
100 6 12 3
100 7 10 3
100 8 7 3
100 9 7 3
100 10 7 3
100 11 6 3
100 12 4 3
101 1 17 8
101 2 14 8
101 3 10 8
101 4 7 8
101 5 4 8
101 6 NA 8
101 7 NA 8
101 8 NA 8
101 9 NA 8
101 10 NA 8
101 11 NA 8
101 12 NA 8
102 1 19 8
102 2 19 8
102 3 15 8
102 4 11 8
102 5 8 8
102 6 5 8
102 7 NA 8
102 8 NA 8
102 9 NA 8
102 10 NA 8
102 11 NA 8
102 12 NA 8
103 1 20 3
103 2 17 3
103 3 18 3
103 4 17 3
103 5 18 3
103 6 17 3
103 7 17 3
103 8 16 3
103 9 16 3
103 10 15 3
103 11 16 3
103 12 14 3
104 1 21 2
104 2 19 2
104 3 18 2
104 4 17 2
104 5 15 2
104 6 13 2
104 7 13 2
104 8 13 2
104 9 11 2
104 10 7 2
104 11 8 2
104 12 6 2
105 1 19 4
105 2 16 4
105 3 16 4
105 4 12 4
105 5 12 4
105 6 14 4
105 7 12 4
105 8 9 4
105 9 8 4
105 10 8 4
105 11 5 4
105 12 7 4
106 1 26 6
106 2 24 6
106 3 22 6
106 4 22 6
106 5 21 6
106 6 21 6
106 7 18 6
106 8 19 6
106 9 18 6
106 10 18 6
106 11 17 6
106 12 17 6
107 1 26 2
107 2 26 2
107 3 24 2
107 4 24 2
107 5 22 2
107 6 20 2
107 7 22 2
107 8 20 2
107 9 18 2
107 10 19 2
107 11 18 2
107 12 16 2
108 1 16 3
108 2 14 3
108 3 16 3
108 4 14 3
108 5 15 3
108 6 15 3
108 7 14 3
108 8 14 3
108 9 12 3
108 10 12 3
108 11 11 3
108 12 10 3
109 1 20 3
109 2 18 3
109 3 17 3
109 4 18 3
109 5 17 3
109 6 18 3
109 7 16 3
109 8 17 3
109 9 16 3
109 10 15 3
109 11 18 3
109 12 14 3
110 1 19 8
110 2 18 8
110 3 16 8
110 4 16 8
110 5 12 8
110 6 9 8
110 7 7 8
110 8 7 8
110 9 5 8
110 10 NA 8
110 11 NA 8
110 12 NA 8
111 1 25 1
111 2 21 1
111 3 19 1
111 4 20 1
111 5 18 1
111 6 15 1
111 7 13 1
111 8 10 1
111 9 10 1
111 10 8 1
111 11 7 1
111 12 4 1
112 1 20 4
112 2 18 4
112 3 15 4
112 4 16 4
112 5 15 4
112 6 14 4
112 7 9 4
112 8 12 4
112 9 9 4
112 10 8 4
112 11 6 4
112 12 6 4
113 1 20 0
113 2 19 0
113 3 20 0
113 4 19 0
113 5 19 0
113 6 20 0
113 7 17 0
113 8 19 0
113 9 18 0
113 10 17 0
113 11 19 0
113 12 17 0
114 1 19 0
114 2 20 0
114 3 20 0
114 4 20 0
114 5 18 0
114 6 17 0
114 7 19 0
114 8 18 0
114 9 19 0
114 10 19 0
114 11 18 0
114 12 18 0
115 1 17 7
115 2 17 7
115 3 19 7
115 4 17 7
115 5 17 7
115 6 15 7
115 7 14 7
115 8 13 7
115 9 14 7
115 10 13 7
115 11 10 7
115 12 12 7
116 1 20 4
116 2 20 4
116 3 21 4
116 4 20 4
116 5 22 4
116 6 23 4
116 7 23 4
116 8 22 4
116 9 22 4
116 10 23 4
116 11 21 4
116 12 21 4
117 1 21 1
117 2 19 1
117 3 20 1
117 4 20 1
117 5 19 1
117 6 19 1
117 7 16 1
117 8 18 1
117 9 17 1
117 10 18 1
117 11 18 1
117 12 17 1
118 1 24 8
118 2 24 8
118 3 23 8
118 4 19 8
118 5 18 8
118 6 16 8
118 7 13 8
118 8 13 8
118 9 13 8
118 10 10 8
118 11 8 8
118 12 4 8
119 1 19 0
119 2 19 0
119 3 18 0
119 4 15 0
119 5 16 0
119 6 14 0
119 7 13 0
119 8 11 0
119 9 11 0
119 10 11 0
119 11 9 0
119 12 10 0
120 1 25 2
120 2 22 2
120 3 21 2
120 4 18 2
120 5 16 2
120 6 14 2
120 7 14 2
120 8 11 2
120 9 11 2
120 10 5 2
120 11 5 2
120 12 NA 2
121 1 12 6
121 2 10 6
121 3 8 6
121 4 9 6
121 5 7 6
121 6 5 6
121 7 6 6
121 8 5 6
121 9 NA 6
121 10 NA 6
121 11 NA 6
121 12 NA 6
122 1 18 7
122 2 16 7
122 3 14 7
122 4 11 7
122 5 10 7
122 6 8 7
122 7 6 7
122 8 5 7
122 9 4 7
122 10 NA 7
122 11 NA 7
122 12 NA 7
123 1 15 4
123 2 17 4
123 3 19 4
123 4 20 4
123 5 21 4
123 6 21 4
123 7 24 4
123 8 25 4
123 9 28 4
123 10 30 4
123 11 32 4
123 12 32 4
124 1 13 5
124 2 9 5
124 3 7 5
124 4 NA 5
124 5 NA 5
124 6 NA 5
124 7 NA 5
124 8 NA 5
124 9 NA 5
124 10 NA 5
124 11 NA 5
124 12 NA 5
125 1 15 3
125 2 12 3
125 3 14 3
125 4 11 3
125 5 10 3
125 6 8 3
125 7 6 3
125 8 7 3
125 9 5 3
125 10 4 3
125 11 NA 3
125 12 NA 3
126 1 21 4
126 2 19 4
126 3 20 4
126 4 22 4
126 5 22 4
126 6 22 4
126 7 23 4
126 8 23 4
126 9 21 4
126 10 22 4
126 11 21 4
126 12 25 4
127 1 21 4
127 2 18 4
127 3 18 4
127 4 16 4
127 5 14 4
127 6 12 4
127 7 10 4
127 8 9 4
127 9 7 4
127 10 7 4
127 11 NA 4
127 12 NA 4
128 1 16 1
128 2 14 1
128 3 14 1
128 4 12 1
128 5 11 1
128 6 10 1
128 7 8 1
128 8 8 1
128 9 6 1
128 10 8 1
128 11 6 1
128 12 5 1
129 1 17 0
129 2 19 0
129 3 16 0
129 4 15 0
129 5 16 0
129 6 18 0
129 7 16 0
129 8 18 0
129 9 17 0
129 10 18 0
129 11 15 0
129 12 15 0
130 1 23 4
130 2 25 4
130 3 23 4
130 4 23 4
130 5 24 4
130 6 22 4
130 7 24 4
130 8 24 4
130 9 23 4
130 10 24 4
130 11 25 4
130 12 23 4
131 1 17 7
131 2 13 7
131 3 10 7
131 4 10 7
131 5 7 7
131 6 4 7
131 7 NA 7
131 8 NA 7
131 9 NA 7
131 10 NA 7
131 11 NA 7
131 12 NA 7
132 1 18 3
132 2 20 3
132 3 22 3
132 4 22 3
132 5 21 3
132 6 23 3
132 7 23 3
132 8 24 3
132 9 25 3
132 10 25 3
132 11 25 3
132 12 28 3
133 1 27 8
133 2 23 8
133 3 22 8
133 4 23 8
133 5 20 8
133 6 19 8
133 7 18 8
133 8 18 8
133 9 17 8
133 10 16 8
133 11 13 8
133 12 13 8
134 1 24 10
134 2 25 10
134 3 26 10
134 4 25 10
134 5 28 10
134 6 25 10
134 7 28 10
134 8 28 10
134 9 28 10
134 10 31 10
134 11 31 10
134 12 32 10
135 1 10 7
135 2 9 7
135 3 7 7
135 4 10 7
135 5 5 7
135 6 6 7
135 7 7 7
135 8 6 7
135 9 4 7
135 10 NA 7
135 11 NA 7
135 12 NA 7
136 1 16 2
136 2 16 2
136 3 14 2
136 4 15 2
136 5 15 2
136 6 16 2
136 7 16 2
136 8 16 2
136 9 15 2
136 10 16 2
136 11 16 2
136 12 16 2
137 1 17 7
137 2 16 7
137 3 14 7
137 4 10 7
137 5 8 7
137 6 5 7
137 7 4 7
137 8 NA 7
137 9 NA 7
137 10 NA 7
137 11 NA 7
137 12 NA 7
138 1 21 2
138 2 20 2
138 3 18 2
138 4 19 2
138 5 18 2
138 6 19 2
138 7 17 2
138 8 17 2
138 9 17 2
138 10 16 2
138 11 16 2
138 12 15 2
139 1 16 4
139 2 16 4
139 3 17 4
139 4 17 4
139 5 15 4
139 6 18 4
139 7 16 4
139 8 16 4
139 9 17 4
139 10 17 4
139 11 17 4
139 12 16 4
140 1 17 5
140 2 14 5
140 3 15 5
140 4 17 5
140 5 15 5
140 6 15 5
140 7 16 5
140 8 15 5
140 9 16 5
140 10 15 5
140 11 14 5
140 12 17 5
141 1 20 2
141 2 20 2
141 3 20 2
141 4 20 2
141 5 19 2
141 6 25 2
141 7 23 2
141 8 22 2
141 9 24 2
141 10 22 2
141 11 23 2
141 12 23 2
142 1 26 7
142 2 22 7
142 3 20 7
142 4 19 7
142 5 16 7
142 6 15 7
142 7 15 7
142 8 10 7
142 9 10 7
142 10 8 7
142 11 4 7
142 12 4 7
143 1 18 2
143 2 16 2
143 3 16 2
143 4 13 2
143 5 11 2
143 6 11 2
143 7 9 2
143 8 8 2
143 9 4 2
143 10 5 2
143 11 NA 2
143 12 NA 2
144 1 20 7
144 2 21 7
144 3 18 7
144 4 18 7
144 5 16 7
144 6 18 7
144 7 14 7
144 8 14 7
144 9 12 7
144 10 13 7
144 11 11 7
144 12 11 7
145 1 26 6
145 2 23 6
145 3 22 6
145 4 20 6
145 5 18 6
145 6 16 6
145 7 15 6
145 8 13 6
145 9 10 6
145 10 7 6
145 11 4 6
145 12 5 6
146 1 20 2
146 2 19 2
146 3 20 2
146 4 20 2
146 5 20 2
146 6 19 2
146 7 18 2
146 8 16 2
146 9 17 2
146 10 17 2
146 11 16 2
146 12 15 2
147 1 27 0
147 2 26 0
147 3 28 0
147 4 28 0
147 5 28 0
147 6 29 0
147 7 27 0
147 8 29 0
147 9 27 0
147 10 27 0
147 11 27 0
147 12 26 0
148 1 19 6
148 2 21 6
148 3 20 6
148 4 19 6
148 5 19 6
148 6 17 6
148 7 16 6
148 8 14 6
148 9 15 6
148 10 14 6
148 11 12 6
148 12 11 6
149 1 22 3
149 2 20 3
149 3 21 3
149 4 21 3
149 5 21 3
149 6 22 3
149 7 21 3
149 8 20 3
149 9 20 3
149 10 22 3
149 11 20 3
149 12 23 3
150 1 21 3
150 2 20 3
150 3 19 3
150 4 20 3
150 5 18 3
150 6 17 3
150 7 16 3
150 8 15 3
150 9 13 3
150 10 14 3
150 11 11 3
150 12 11 3
151 1 19 5
151 2 16 5
151 3 17 5
151 4 18 5
151 5 17 5
151 6 15 5
151 7 14 5
151 8 14 5
151 9 13 5
151 10 14 5
151 11 13 5
151 12 9 5
152 1 19 7
152 2 17 7
152 3 14 7
152 4 12 7
152 5 8 7
152 6 7 7
152 7 4 7
152 8 NA 7
152 9 NA 7
152 10 NA 7
152 11 NA 7
152 12 NA 7
153 1 19 1
153 2 17 1
153 3 12 1
153 4 14 1
153 5 14 1
153 6 13 1
153 7 10 1
153 8 7 1
153 9 6 1
153 10 4 1
153 11 4 1
153 12 NA 1
154 1 26 4
154 2 25 4
154 3 22 4
154 4 22 4
154 5 20 4
154 6 22 4
154 7 20 4
154 8 20 4
154 9 21 4
154 10 18 4
154 11 17 4
154 12 16 4
155 1 22 2
155 2 22 2
155 3 21 2
155 4 20 2
155 5 18 2
155 6 17 2
155 7 15 2
155 8 16 2
155 9 14 2
155 10 13 2
155 11 12 2
155 12 10 2
156 1 18 7
156 2 19 7
156 3 17 7
156 4 19 7
156 5 14 7
156 6 15 7
156 7 15 7
156 8 12 7
156 9 11 7
156 10 10 7
156 11 7 7
156 12 9 7
157 1 22 2
157 2 21 2
157 3 19 2
157 4 17 2
157 5 18 2
157 6 16 2
157 7 15 2
157 8 14 2
157 9 12 2
157 10 11 2
157 11 9 2
157 12 10 2
158 1 16 7
158 2 14 7
158 3 9 7
158 4 6 7
158 5 5 7
158 6 NA 7
158 7 NA 7
158 8 NA 7
158 9 NA 7
158 10 NA 7
158 11 NA 7
158 12 NA 7
159 1 22 5
159 2 23 5
159 3 22 5
159 4 22 5
159 5 22 5
159 6 22 5
159 7 22 5
159 8 21 5
159 9 20 5
159 10 22 5
159 11 19 5
159 12 22 5
160 1 20 4
160 2 19 4
160 3 21 4
160 4 22 4
160 5 20 4
160 6 23 4
160 7 22 4
160 8 23 4
160 9 23 4
160 10 25 4
160 11 24 4
160 12 26 4
161 1 17 6
161 2 13 6
161 3 10 6
161 4 6 6
161 5 4 6
161 6 NA 6
161 7 NA 6
161 8 NA 6
161 9 NA 6
161 10 NA 6
161 11 NA 6
161 12 NA 6
162 1 22 3
162 2 21 3
162 3 20 3
162 4 19 3
162 5 16 3
162 6 13 3
162 7 13 3
162 8 10 3
162 9 10 3
162 10 9 3
162 11 7 3
162 12 4 3
163 1 16 5
163 2 18 5
163 3 16 5
163 4 17 5
163 5 14 5
163 6 14 5
163 7 15 5
163 8 11 5
163 9 10 5
163 10 12 5
163 11 10 5
163 12 10 5
164 1 24 5
164 2 20 5
164 3 16 5
164 4 13 5
164 5 12 5
164 6 10 5
164 7 5 5
164 8 NA 5
164 9 NA 5
164 10 NA 5
164 11 NA 5
164 12 NA 5
165 1 20 3
165 2 21 3
165 3 23 3
165 4 26 3
165 5 29 3
165 6 29 3
165 7 32 3
165 8 33 3
165 9 35 3
165 10 37 3
165 11 39 3
165 12 43 3
166 1 16 6
166 2 16 6
166 3 16 6
166 4 15 6
166 5 13 6
166 6 12 6
166 7 13 6
166 8 12 6
166 9 11 6
166 10 12 6
166 11 11 6
166 12 10 6
167 1 17 2
167 2 16 2
167 3 13 2
167 4 12 2
167 5 9 2
167 6 7 2
167 7 4 2
167 8 4 2
167 9 NA 2
167 10 NA 2
167 11 NA 2
167 12 NA 2
168 1 21 2
168 2 19 2
168 3 19 2
168 4 17 2
168 5 15 2
168 6 13 2
168 7 13 2
168 8 12 2
168 9 9 2
168 10 8 2
168 11 6 2
168 12 6 2
169 1 22 3
169 2 24 3
169 3 21 3
169 4 19 3
169 5 20 3
169 6 17 3
169 7 16 3
169 8 16 3
169 9 14 3
169 10 12 3
169 11 12 3
169 12 10 3
170 1 16 1
170 2 17 1
170 3 16 1
170 4 16 1
170 5 17 1
170 6 18 1
170 7 19 1
170 8 21 1
170 9 21 1
170 10 21 1
170 11 22 1
170 12 24 1
171 1 23 7
171 2 21 7
171 3 19 7
171 4 18 7
171 5 18 7
171 6 16 7
171 7 15 7
171 8 12 7
171 9 13 7
171 10 11 7
171 11 10 7
171 12 6 7
172 1 18 2
172 2 15 2
172 3 13 2
172 4 13 2
172 5 10 2
172 6 7 2
172 7 7 2
172 8 4 2
172 9 NA 2
172 10 NA 2
172 11 NA 2
172 12 NA 2
173 1 17 3
173 2 20 3
173 3 21 3
173 4 20 3
173 5 21 3
173 6 20 3
173 7 20 3
173 8 20 3
173 9 21 3
173 10 23 3
173 11 22 3
173 12 22 3
174 1 19 3
174 2 19 3
174 3 22 3
174 4 22 3
174 5 23 3
174 6 27 3
174 7 30 3
174 8 30 3
174 9 32 3
174 10 36 3
174 11 36 3
174 12 38 3
175 1 15 6
175 2 13 6
175 3 12 6
175 4 10 6
175 5 10 6
175 6 7 6
175 7 7 6
175 8 5 6
175 9 4 6
175 10 NA 6
175 11 NA 6
175 12 NA 6
176 1 17 5
176 2 17 5
176 3 15 5
176 4 11 5
176 5 8 5
176 6 5 5
176 7 4 5
176 8 NA 5
176 9 NA 5
176 10 NA 5
176 11 NA 5
176 12 NA 5
177 1 18 4
177 2 19 4
177 3 19 4
177 4 17 4
177 5 17 4
177 6 16 4
177 7 18 4
177 8 17 4
177 9 15 4
177 10 16 4
177 11 16 4
177 12 15 4
178 1 18 2
178 2 18 2
178 3 21 2
178 4 21 2
178 5 22 2
178 6 21 2
178 7 21 2
178 8 21 2
178 9 21 2
178 10 22 2
178 11 22 2
178 12 22 2
179 1 21 1
179 2 19 1
179 3 16 1
179 4 14 1
179 5 12 1
179 6 9 1
179 7 7 1
179 8 5 1
179 9 NA 1
179 10 NA 1
179 11 NA 1
179 12 NA 1
180 1 22 7
180 2 20 7
180 3 18 7
180 4 15 7
180 5 11 7
180 6 12 7
180 7 10 7
180 8 7 7
180 9 6 7
180 10 5 7
180 11 NA 7
180 12 NA 7
181 1 17 1
181 2 14 1
181 3 13 1
181 4 14 1
181 5 13 1
181 6 9 1
181 7 10 1
181 8 8 1
181 9 8 1
181 10 5 1
181 11 NA 1
181 12 NA 1
182 1 25 2
182 2 23 2
182 3 26 2
182 4 26 2
182 5 27 2
182 6 27 2
182 7 27 2
182 8 28 2
182 9 30 2
182 10 30 2
182 11 29 2
182 12 30 2
183 1 23 2
183 2 18 2
183 3 18 2
183 4 16 2
183 5 12 2
183 6 11 2
183 7 7 2
183 8 4 2
183 9 4 2
183 10 NA 2
183 11 NA 2
183 12 NA 2
184 1 30 4
184 2 27 4
184 3 29 4
184 4 26 4
184 5 25 4
184 6 25 4
184 7 23 4
184 8 23 4
184 9 20 4
184 10 16 4
184 11 18 4
184 12 16 4
185 1 18 9
185 2 20 9
185 3 17 9
185 4 16 9
185 5 13 9
185 6 11 9
185 7 12 9
185 8 10 9
185 9 9 9
185 10 7 9
185 11 5 9
185 12 5 9
186 1 23 2
186 2 21 2
186 3 19 2
186 4 19 2
186 5 20 2
186 6 20 2
186 7 19 2
186 8 20 2
186 9 19 2
186 10 20 2
186 11 16 2
186 12 18 2
187 1 16 0
187 2 19 0
187 3 20 0
187 4 18 0
187 5 21 0
187 6 23 0
187 7 20 0
187 8 25 0
187 9 24 0
187 10 26 0
187 11 27 0
187 12 26 0
188 1 20 6
188 2 20 6
188 3 16 6
188 4 16 6
188 5 13 6
188 6 11 6
188 7 11 6
188 8 9 6
188 9 10 6
188 10 5 6
188 11 4 6
188 12 4 6
189 1 21 4
189 2 22 4
189 3 21 4
189 4 21 4
189 5 20 4
189 6 20 4
189 7 19 4
189 8 18 4
189 9 17 4
189 10 18 4
189 11 17 4
189 12 19 4
190 1 18 3
190 2 14 3
190 3 14 3
190 4 11 3
190 5 10 3
190 6 8 3
190 7 7 3
190 8 7 3
190 9 6 3
190 10 NA 3
190 11 NA 3
190 12 NA 3
191 1 21 2
191 2 19 2
191 3 16 2
191 4 13 2
191 5 13 2
191 6 12 2
191 7 9 2
191 8 11 2
191 9 8 2
191 10 6 2
191 11 6 2
191 12 NA 2
192 1 22 4
192 2 20 4
192 3 18 4
192 4 16 4
192 5 13 4
192 6 12 4
192 7 9 4
192 8 9 4
192 9 6 4
192 10 4 4
192 11 NA 4
192 12 NA 4
193 1 21 5
193 2 17 5
193 3 18 5
193 4 15 5
193 5 13 5
193 6 11 5
193 7 9 5
193 8 9 5
193 9 7 5
193 10 5 5
193 11 NA 5
193 12 NA 5
194 1 17 7
194 2 16 7
194 3 12 7
194 4 12 7
194 5 12 7
194 6 8 7
194 7 5 7
194 8 5 7
194 9 4 7
194 10 NA 7
194 11 NA 7
194 12 NA 7
195 1 12 3
195 2 9 3
195 3 6 3
195 4 6 3
195 5 6 3
195 6 4 3
195 7 NA 3
195 8 NA 3
195 9 NA 3
195 10 NA 3
195 11 NA 3
195 12 NA 3
196 1 19 0
196 2 18 0
196 3 15 0
196 4 15 0
196 5 13 0
196 6 12 0
196 7 9 0
196 8 6 0
196 9 6 0
196 10 5 0
196 11 NA 0
196 12 NA 0
197 1 19 5
197 2 17 5
197 3 14 5
197 4 14 5
197 5 12 5
197 6 11 5
197 7 11 5
197 8 8 5
197 9 6 5
197 10 6 5
197 11 4 5
197 12 NA 5
198 1 20 1
198 2 21 1
198 3 20 1
198 4 20 1
198 5 21 1
198 6 21 1
198 7 22 1
198 8 21 1
198 9 21 1
198 10 23 1
198 11 23 1
198 12 23 1
199 1 18 3
199 2 18 3
199 3 21 3
199 4 23 3
199 5 22 3
199 6 23 3
199 7 24 3
199 8 24 3
199 9 24 3
199 10 26 3
199 11 28 3
199 12 27 3
200 1 16 0
200 2 18 0
200 3 18 0
200 4 20 0
200 5 21 0
200 6 21 0
200 7 22 0
200 8 22 0
200 9 22 0
200 10 24 0
200 11 25 0
200 12 23 0
201 1 22 5
201 2 22 5
201 3 20 5
201 4 21 5
201 5 18 5
201 6 16 5
201 7 14 5
201 8 14 5
201 9 12 5
201 10 10 5
201 11 7 5
201 12 6 5
202 1 24 2
202 2 24 2
202 3 23 2
202 4 23 2
202 5 23 2
202 6 23 2
202 7 23 2
202 8 20 2
202 9 23 2
202 10 22 2
202 11 23 2
202 12 24 2
203 1 23 7
203 2 22 7
203 3 20 7
203 4 20 7
203 5 22 7
203 6 22 7
203 7 21 7
203 8 22 7
203 9 19 7
203 10 18 7
203 11 18 7
203 12 19 7
204 1 18 6
204 2 19 6
204 3 18 6
204 4 18 6
204 5 17 6
204 6 16 6
204 7 16 6
204 8 15 6
204 9 16 6
204 10 17 6
204 11 16 6
204 12 14 6
205 1 21 1
205 2 20 1
205 3 19 1
205 4 19 1
205 5 19 1
205 6 18 1
205 7 17 1
205 8 16 1
205 9 13 1
205 10 13 1
205 11 14 1
205 12 13 1
206 1 17 0
206 2 19 0
206 3 18 0
206 4 17 0
206 5 18 0
206 6 18 0
206 7 15 0
206 8 17 0
206 9 16 0
206 10 15 0
206 11 14 0
206 12 14 0
207 1 23 3
207 2 24 3
207 3 24 3
207 4 21 3
207 5 19 3
207 6 21 3
207 7 17 3
207 8 17 3
207 9 17 3
207 10 15 3
207 11 14 3
207 12 12 3
208 1 17 2
208 2 18 2
208 3 20 2
208 4 19 2
208 5 19 2
208 6 19 2
208 7 22 2
208 8 21 2
208 9 22 2
208 10 23 2
208 11 23 2
208 12 23 2
209 1 11 2
209 2 10 2
209 3 10 2
209 4 13 2
209 5 12 2
209 6 12 2
209 7 13 2
209 8 14 2
209 9 13 2
209 10 13 2
209 11 13 2
209 12 14 2
210 1 21 4
210 2 22 4
210 3 17 4
210 4 16 4
210 5 15 4
210 6 11 4
210 7 9 4
210 8 5 4
210 9 4 4
210 10 NA 4
210 11 NA 4
210 12 NA 4
211 1 25 5
211 2 24 5
211 3 25 5
211 4 28 5
211 5 26 5
211 6 28 5
211 7 29 5
211 8 29 5
211 9 28 5
211 10 30 5
211 11 31 5
211 12 33 5
212 1 24 2
212 2 26 2
212 3 26 2
212 4 25 2
212 5 25 2
212 6 22 2
212 7 24 2
212 8 20 2
212 9 20 2
212 10 20 2
212 11 20 2
212 12 18 2
213 1 18 8
213 2 15 8
213 3 16 8
213 4 13 8
213 5 12 8
213 6 11 8
213 7 9 8
213 8 9 8
213 9 6 8
213 10 8 8
213 11 4 8
213 12 4 8
214 1 20 10
214 2 19 10
214 3 17 10
214 4 17 10
214 5 14 10
214 6 15 10
214 7 12 10
214 8 10 10
214 9 9 10
214 10 7 10
214 11 7 10
214 12 4 10
215 1 30 6
215 2 28 6
215 3 26 6
215 4 26 6
215 5 23 6
215 6 23 6
215 7 22 6
215 8 21 6
215 9 17 6
215 10 17 6
215 11 16 6
215 12 14 6
216 1 22 4
216 2 22 4
216 3 22 4
216 4 19 4
216 5 18 4
216 6 18 4
216 7 16 4
216 8 14 4
216 9 15 4
216 10 12 4
216 11 13 4
216 12 13 4
217 1 16 4
217 2 16 4
217 3 15 4
217 4 17 4
217 5 14 4
217 6 16 4
217 7 17 4
217 8 15 4
217 9 16 4
217 10 16 4
217 11 16 4
217 12 17 4
218 1 15 3
218 2 17 3
218 3 18 3
218 4 16 3
218 5 16 3
218 6 17 3
218 7 16 3
218 8 15 3
218 9 19 3
218 10 18 3
218 11 20 3
218 12 20 3
219 1 19 2
219 2 16 2
219 3 13 2
219 4 10 2
219 5 6 2
219 6 4 2
219 7 NA 2
219 8 NA 2
219 9 NA 2
219 10 NA 2
219 11 NA 2
219 12 NA 2
220 1 19 3
220 2 15 3
220 3 14 3
220 4 12 3
220 5 9 3
220 6 9 3
220 7 4 3
220 8 6 3
220 9 4 3
220 10 NA 3
220 11 NA 3
220 12 NA 3
221 1 25 4
221 2 25 4
221 3 23 4
221 4 22 4
221 5 21 4
221 6 20 4
221 7 20 4
221 8 20 4
221 9 17 4
221 10 18 4
221 11 16 4
221 12 15 4
222 1 24 2
222 2 23 2
222 3 22 2
222 4 21 2
222 5 19 2
222 6 21 2
222 7 18 2
222 8 18 2
222 9 14 2
222 10 17 2
222 11 16 2
222 12 14 2
223 1 16 3
223 2 13 3
223 3 11 3
223 4 11 3
223 5 9 3
223 6 9 3
223 7 4 3
223 8 NA 3
223 9 NA 3
223 10 NA 3
223 11 NA 3
223 12 NA 3
224 1 29 6
224 2 24 6
224 3 23 6
224 4 22 6
224 5 21 6
224 6 18 6
224 7 18 6
224 8 15 6
224 9 13 6
224 10 11 6
224 11 9 6
224 12 6 6
225 1 29 4
225 2 29 4
225 3 27 4
225 4 26 4
225 5 29 4
225 6 28 4
225 7 27 4
225 8 29 4
225 9 28 4
225 10 29 4
225 11 27 4
225 12 28 4
226 1 20 6
226 2 21 6
226 3 19 6
226 4 16 6
226 5 13 6
226 6 11 6
226 7 10 6
226 8 8 6
226 9 6 6
226 10 NA 6
226 11 NA 6
226 12 NA 6
227 1 25 0
227 2 27 0
227 3 26 0
227 4 26 0
227 5 26 0
227 6 26 0
227 7 28 0
227 8 26 0
227 9 26 0
227 10 24 0
227 11 24 0
227 12 25 0
228 1 12 6
228 2 13 6
228 3 12 6
228 4 12 6
228 5 12 6
228 6 11 6
228 7 11 6
228 8 9 6
228 9 9 6
228 10 7 6
228 11 10 6
228 12 7 6
229 1 16 1
229 2 17 1
229 3 17 1
229 4 17 1
229 5 14 1
229 6 15 1
229 7 16 1
229 8 16 1
229 9 16 1
229 10 15 1
229 11 15 1
229 12 14 1
230 1 19 1
230 2 16 1
230 3 18 1
230 4 17 1
230 5 18 1
230 6 16 1
230 7 17 1
230 8 16 1
230 9 14 1
230 10 13 1
230 11 14 1
230 12 15 1
231 1 21 1
231 2 19 1
231 3 17 1
231 4 14 1
231 5 11 1
231 6 10 1
231 7 8 1
231 8 6 1
231 9 NA 1
231 10 NA 1
231 11 NA 1
231 12 NA 1
232 1 13 3
232 2 15 3
232 3 14 3
232 4 15 3
232 5 12 3
232 6 10 3
232 7 11 3
232 8 10 3
232 9 9 3
232 10 9 3
232 11 8 3
232 12 7 3
233 1 22 5
233 2 18 5
233 3 15 5
233 4 14 5
233 5 13 5
233 6 10 5
233 7 10 5
233 8 8 5
233 9 5 5
233 10 NA 5
233 11 NA 5
233 12 NA 5
234 1 24 3
234 2 25 3
234 3 27 3
234 4 30 3
234 5 29 3
234 6 31 3
234 7 33 3
234 8 34 3
234 9 37 3
234 10 36 3
234 11 40 3
234 12 38 3
235 1 23 1
235 2 20 1
235 3 19 1
235 4 16 1
235 5 14 1
235 6 12 1
235 7 10 1
235 8 8 1
235 9 6 1
235 10 4 1
235 11 NA 1
235 12 NA 1
236 1 27 6
236 2 25 6
236 3 26 6
236 4 21 6
236 5 22 6
236 6 21 6
236 7 21 6
236 8 19 6
236 9 18 6
236 10 15 6
236 11 16 6
236 12 14 6
237 1 19 5
237 2 19 5
237 3 17 5
237 4 16 5
237 5 14 5
237 6 14 5
237 7 13 5
237 8 13 5
237 9 11 5
237 10 12 5
237 11 10 5
237 12 9 5
238 1 17 7
238 2 16 7
238 3 17 7
238 4 15 7
238 5 19 7
238 6 17 7
238 7 17 7
238 8 20 7
238 9 17 7
238 10 21 7
238 11 19 7
238 12 20 7
239 1 14 4
239 2 14 4
239 3 13 4
239 4 10 4
239 5 9 4
239 6 5 4
239 7 4 4
239 8 NA 4
239 9 NA 4
239 10 NA 4
239 11 NA 4
239 12 NA 4
240 1 19 5
240 2 19 5
240 3 16 5
240 4 18 5
240 5 17 5
240 6 15 5
240 7 14 5
240 8 13 5
240 9 10 5
240 10 11 5
240 11 9 5
240 12 9 5
241 1 20 6
241 2 18 6
241 3 19 6
241 4 19 6
241 5 20 6
241 6 17 6
241 7 19 6
241 8 19 6
241 9 19 6
241 10 18 6
241 11 20 6
241 12 20 6
242 1 17 0
242 2 19 0
242 3 20 0
242 4 21 0
242 5 20 0
242 6 20 0
242 7 21 0
242 8 21 0
242 9 22 0
242 10 21 0
242 11 23 0
242 12 21 0
243 1 13 3
243 2 13 3
243 3 9 3
243 4 6 3
243 5 4 3
243 6 5 3
243 7 NA 3
243 8 NA 3
243 9 NA 3
243 10 NA 3
243 11 NA 3
243 12 NA 3
244 1 11 7
244 2 10 7
244 3 11 7
244 4 9 7
244 5 8 7
244 6 6 7
244 7 6 7
244 8 6 7
244 9 4 7
244 10 NA 7
244 11 NA 7
244 12 NA 7
245 1 19 4
245 2 17 4
245 3 17 4
245 4 16 4
245 5 14 4
245 6 14 4
245 7 14 4
245 8 12 4
245 9 11 4
245 10 9 4
245 11 9 4
245 12 8 4
246 1 18 5
246 2 16 5
246 3 15 5
246 4 12 5
246 5 9 5
246 6 8 5
246 7 8 5
246 8 6 5
246 9 NA 5
246 10 NA 5
246 11 NA 5
246 12 NA 5
247 1 21 2
247 2 21 2
247 3 20 2
247 4 20 2
247 5 19 2
247 6 18 2
247 7 20 2
247 8 17 2
247 9 17 2
247 10 16 2
247 11 14 2
247 12 14 2
248 1 27 4
248 2 24 4
248 3 24 4
248 4 21 4
248 5 23 4
248 6 22 4
248 7 20 4
248 8 21 4
248 9 18 4
248 10 17 4
248 11 17 4
248 12 16 4
249 1 27 6
249 2 26 6
249 3 24 6
249 4 23 6
249 5 23 6
249 6 20 6
249 7 22 6
249 8 19 6
249 9 19 6
249 10 15 6
249 11 16 6
249 12 14 6
250 1 24 2
250 2 22 2
250 3 22 2
250 4 20 2
250 5 20 2
250 6 15 2
250 7 15 2
250 8 14 2
250 9 9 2
250 10 11 2
250 11 8 2
250 12 8 2
251 1 16 5
251 2 13 5
251 3 10 5
251 4 9 5
251 5 8 5
251 6 6 5
251 7 4 5
251 8 NA 5
251 9 NA 5
251 10 NA 5
251 11 NA 5
251 12 NA 5
252 1 18 4
252 2 21 4
252 3 19 4
252 4 16 4
252 5 15 4
252 6 15 4
252 7 11 4
252 8 10 4
252 9 9 4
252 10 7 4
252 11 6 4
252 12 NA 4
253 1 17 2
253 2 18 2
253 3 18 2
253 4 18 2
253 5 18 2
253 6 16 2
253 7 21 2
253 8 18 2
253 9 20 2
253 10 17 2
253 11 19 2
253 12 19 2
254 1 19 4
254 2 15 4
254 3 14 4
254 4 12 4
254 5 10 4
254 6 8 4
254 7 4 4
254 8 4 4
254 9 NA 4
254 10 NA 4
254 11 NA 4
254 12 NA 4
255 1 15 7
255 2 15 7
255 3 15 7
255 4 15 7
255 5 13 7
255 6 14 7
255 7 14 7
255 8 13 7
255 9 13 7
255 10 13 7
255 11 11 7
255 12 13 7
256 1 21 6
256 2 22 6
256 3 20 6
256 4 18 6
256 5 14 6
256 6 15 6
256 7 13 6
256 8 9 6
256 9 8 6
256 10 6 6
256 11 4 6
256 12 NA 6
257 1 20 1
257 2 22 1
257 3 21 1
257 4 20 1
257 5 20 1
257 6 18 1
257 7 17 1
257 8 19 1
257 9 18 1
257 10 17 1
257 11 18 1
257 12 16 1
258 1 19 2
258 2 15 2
258 3 13 2
258 4 11 2
258 5 12 2
258 6 8 2
258 7 6 2
258 8 4 2
258 9 NA 2
258 10 NA 2
258 11 NA 2
258 12 NA 2
259 1 17 9
259 2 14 9
259 3 11 9
259 4 8 9
259 5 6 9
259 6 4 9
259 7 NA 9
259 8 NA 9
259 9 NA 9
259 10 NA 9
259 11 NA 9
259 12 NA 9
260 1 20 0
260 2 22 0
260 3 22 0
260 4 22 0
260 5 22 0
260 6 24 0
260 7 25 0
260 8 26 0
260 9 29 0
260 10 29 0
260 11 30 0
260 12 30 0
261 1 19 8
261 2 16 8
261 3 16 8
261 4 16 8
261 5 15 8
261 6 14 8
261 7 14 8
261 8 11 8
261 9 13 8
261 10 10 8
261 11 9 8
261 12 8 8
262 1 17 5
262 2 16 5
262 3 17 5
262 4 15 5
262 5 16 5
262 6 17 5
262 7 15 5
262 8 14 5
262 9 14 5
262 10 14 5
262 11 13 5
262 12 15 5
263 1 17 6
263 2 16 6
263 3 13 6
263 4 12 6
263 5 9 6
263 6 9 6
263 7 8 6
263 8 6 6
263 9 4 6
263 10 NA 6
263 11 NA 6
263 12 NA 6
264 1 16 8
264 2 16 8
264 3 18 8
264 4 16 8
264 5 17 8
264 6 14 8
264 7 15 8
264 8 13 8
264 9 12 8
264 10 12 8
264 11 11 8
264 12 10 8
265 1 22 7
265 2 19 7
265 3 20 7
265 4 16 7
265 5 13 7
265 6 12 7
265 7 12 7
265 8 11 7
265 9 8 7
265 10 5 7
265 11 NA 7
265 12 NA 7
266 1 22 4
266 2 21 4
266 3 20 4
266 4 19 4
266 5 22 4
266 6 22 4
266 7 20 4
266 8 20 4
266 9 21 4
266 10 19 4
266 11 19 4
266 12 19 4
267 1 14 4
267 2 13 4
267 3 12 4
267 4 10 4
267 5 11 4
267 6 10 4
267 7 11 4
267 8 9 4
267 9 6 4
267 10 8 4
267 11 9 4
267 12 7 4
268 1 19 2
268 2 18 2
268 3 15 2
268 4 11 2
268 5 10 2
268 6 6 2
268 7 NA 2
268 8 NA 2
268 9 NA 2
268 10 NA 2
268 11 NA 2
268 12 NA 2
269 1 18 7
269 2 15 7
269 3 15 7
269 4 13 7
269 5 10 7
269 6 9 7
269 7 7 7
269 8 5 7
269 9 NA 7
269 10 NA 7
269 11 NA 7
269 12 NA 7
270 1 23 2
270 2 22 2
270 3 21 2
270 4 23 2
270 5 19 2
270 6 19 2
270 7 20 2
270 8 18 2
270 9 20 2
270 10 18 2
270 11 17 2
270 12 16 2
271 1 23 4
271 2 21 4
271 3 19 4
271 4 19 4
271 5 17 4
271 6 18 4
271 7 15 4
271 8 15 4
271 9 12 4
271 10 9 4
271 11 10 4
271 12 6 4
272 1 21 2
272 2 18 2
272 3 15 2
272 4 12 2
272 5 13 2
272 6 8 2
272 7 5 2
272 8 4 2
272 9 NA 2
272 10 NA 2
272 11 NA 2
272 12 NA 2
273 1 21 6
273 2 18 6
273 3 15 6
273 4 17 6
273 5 13 6
273 6 14 6
273 7 12 6
273 8 11 6
273 9 8 6
273 10 7 6
273 11 8 6
273 12 5 6
274 1 20 7
274 2 21 7
274 3 20 7
274 4 20 7
274 5 20 7
274 6 19 7
274 7 21 7
274 8 19 7
274 9 19 7
274 10 19 7
274 11 18 7
274 12 19 7
275 1 23 4
275 2 23 4
275 3 23 4
275 4 19 4
275 5 24 4
275 6 21 4
275 7 21 4
275 8 22 4
275 9 21 4
275 10 21 4
275 11 22 4
275 12 20 4
276 1 20 5
276 2 17 5
276 3 17 5
276 4 16 5
276 5 11 5
276 6 12 5
276 7 10 5
276 8 6 5
276 9 7 5
276 10 NA 5
276 11 NA 5
276 12 NA 5
277 1 17 6
277 2 18 6
277 3 15 6
277 4 14 6
277 5 13 6
277 6 14 6
277 7 13 6
277 8 13 6
277 9 13 6
277 10 11 6
277 11 9 6
277 12 9 6
278 1 19 6
278 2 18 6
278 3 20 6
278 4 18 6
278 5 19 6
278 6 17 6
278 7 17 6
278 8 19 6
278 9 19 6
278 10 19 6
278 11 17 6
278 12 15 6
279 1 25 8
279 2 22 8
279 3 21 8
279 4 16 8
279 5 14 8
279 6 13 8
279 7 10 8
279 8 7 8
279 9 4 8
279 10 NA 8
279 11 NA 8
279 12 NA 8
280 1 21 6
280 2 19 6
280 3 19 6
280 4 16 6
280 5 15 6
280 6 15 6
280 7 14 6
280 8 12 6
280 9 11 6
280 10 8 6
280 11 9 6
280 12 7 6
281 1 22 3
281 2 21 3
281 3 19 3
281 4 17 3
281 5 12 3
281 6 9 3
281 7 6 3
281 8 NA 3
281 9 NA 3
281 10 NA 3
281 11 NA 3
281 12 NA 3
282 1 29 2
282 2 30 2
282 3 30 2
282 4 28 2
282 5 29 2
282 6 26 2
282 7 23 2
282 8 22 2
282 9 23 2
282 10 23 2
282 11 22 2
282 12 21 2
283 1 24 4
283 2 22 4
283 3 23 4
283 4 26 4
283 5 26 4
283 6 27 4
283 7 27 4
283 8 27 4
283 9 29 4
283 10 27 4
283 11 30 4
283 12 29 4
284 1 12 0
284 2 12 0
284 3 11 0
284 4 10 0
284 5 9 0
284 6 10 0
284 7 8 0
284 8 10 0
284 9 7 0
284 10 8 0
284 11 7 0
284 12 7 0
285 1 21 5
285 2 18 5
285 3 17 5
285 4 19 5
285 5 14 5
285 6 13 5
285 7 11 5
285 8 11 5
285 9 9 5
285 10 7 5
285 11 5 5
285 12 NA 5
286 1 19 6
286 2 20 6
286 3 18 6
286 4 19 6
286 5 16 6
286 6 15 6
286 7 17 6
286 8 16 6
286 9 15 6
286 10 15 6
286 11 13 6
286 12 13 6
287 1 19 6
287 2 16 6
287 3 18 6
287 4 15 6
287 5 13 6
287 6 14 6
287 7 12 6
287 8 12 6
287 9 11 6
287 10 8 6
287 11 8 6
287 12 8 6
288 1 15 2
288 2 18 2
288 3 17 2
288 4 17 2
288 5 17 2
288 6 18 2
288 7 18 2
288 8 19 2
288 9 21 2
288 10 17 2
288 11 20 2
288 12 22 2
289 1 20 5
289 2 19 5
289 3 20 5
289 4 19 5
289 5 21 5
289 6 20 5
289 7 20 5
289 8 23 5
289 9 23 5
289 10 23 5
289 11 22 5
289 12 23 5
290 1 18 5
290 2 20 5
290 3 21 5
290 4 20 5
290 5 23 5
290 6 21 5
290 7 22 5
290 8 24 5
290 9 23 5
290 10 24 5
290 11 24 5
290 12 24 5
291 1 22 5
291 2 19 5
291 3 18 5
291 4 16 5
291 5 18 5
291 6 13 5
291 7 15 5
291 8 12 5
291 9 11 5
291 10 10 5
291 11 9 5
291 12 7 5
292 1 18 2
292 2 13 2
292 3 15 2
292 4 11 2
292 5 11 2
292 6 10 2
292 7 7 2
292 8 5 2
292 9 4 2
292 10 NA 2
292 11 NA 2
292 12 NA 2
293 1 20 5
293 2 20 5
293 3 20 5
293 4 21 5
293 5 20 5
293 6 20 5
293 7 22 5
293 8 21 5
293 9 20 5
293 10 21 5
293 11 23 5
293 12 23 5
294 1 16 3
294 2 20 3
294 3 19 3
294 4 20 3
294 5 20 3
294 6 20 3
294 7 23 3
294 8 25 3
294 9 25 3
294 10 26 3
294 11 27 3
294 12 28 3
295 1 23 1
295 2 25 1
295 3 22 1
295 4 22 1
295 5 21 1
295 6 17 1
295 7 17 1
295 8 18 1
295 9 16 1
295 10 15 1
295 11 16 1
295 12 13 1
296 1 23 3
296 2 22 3
296 3 17 3
296 4 20 3
296 5 19 3
296 6 19 3
296 7 17 3
296 8 15 3
296 9 14 3
296 10 12 3
296 11 14 3
296 12 12 3
297 1 25 5
297 2 22 5
297 3 23 5
297 4 19 5
297 5 20 5
297 6 17 5
297 7 16 5
297 8 17 5
297 9 14 5
297 10 14 5
297 11 13 5
297 12 13 5
298 1 18 6
298 2 18 6
298 3 17 6
298 4 15 6
298 5 16 6
298 6 16 6
298 7 15 6
298 8 13 6
298 9 13 6
298 10 11 6
298 11 9 6
298 12 9 6
299 1 18 3
299 2 16 3
299 3 14 3
299 4 12 3
299 5 9 3
299 6 7 3
299 7 5 3
299 8 4 3
299 9 NA 3
299 10 NA 3
299 11 NA 3
299 12 NA 3
300 1 17 2
300 2 18 2
300 3 15 2
300 4 18 2
300 5 17 2
300 6 17 2
300 7 16 2
300 8 16 2
300 9 15 2
300 10 14 2
300 11 14 2
300 12 14 2
301 1 19 4
301 2 13 4
301 3 10 4
301 4 8 4
301 5 NA 4
301 6 NA 4
301 7 NA 4
301 8 NA 4
301 9 NA 4
301 10 NA 4
301 11 NA 4
301 12 NA 4
302 1 19 4
302 2 20 4
302 3 20 4
302 4 21 4
302 5 20 4
302 6 18 4
302 7 23 4
302 8 22 4
302 9 22 4
302 10 22 4
302 11 22 4
302 12 22 4
303 1 21 2
303 2 23 2
303 3 22 2
303 4 23 2
303 5 22 2
303 6 22 2
303 7 25 2
303 8 22 2
303 9 24 2
303 10 26 2
303 11 25 2
303 12 24 2
304 1 21 3
304 2 16 3
304 3 16 3
304 4 16 3
304 5 11 3
304 6 12 3
304 7 8 3
304 8 7 3
304 9 6 3
304 10 4 3
304 11 4 3
304 12 NA 3
305 1 23 5
305 2 17 5
305 3 16 5
305 4 13 5
305 5 10 5
305 6 6 5
305 7 NA 5
305 8 NA 5
305 9 NA 5
305 10 NA 5
305 11 NA 5
305 12 NA 5
306 1 18 4
306 2 19 4
306 3 19 4
306 4 15 4
306 5 15 4
306 6 15 4
306 7 12 4
306 8 12 4
306 9 9 4
306 10 8 4
306 11 6 4
306 12 5 4
307 1 18 5
307 2 18 5
307 3 17 5
307 4 15 5
307 5 15 5
307 6 12 5
307 7 10 5
307 8 10 5
307 9 10 5
307 10 9 5
307 11 7 5
307 12 4 5
308 1 23 5
308 2 21 5
308 3 20 5
308 4 18 5
308 5 20 5
308 6 16 5
308 7 14 5
308 8 16 5
308 9 14 5
308 10 16 5
308 11 12 5
308 12 11 5
309 1 20 5
309 2 20 5
309 3 20 5
309 4 20 5
309 5 21 5
309 6 21 5
309 7 20 5
309 8 21 5
309 9 20 5
309 10 21 5
309 11 19 5
309 12 22 5
310 1 24 8
310 2 22 8
310 3 20 8
310 4 17 8
310 5 14 8
310 6 13 8
310 7 12 8
310 8 12 8
310 9 7 8
310 10 8 8
310 11 6 8
310 12 6 8
311 1 14 3
311 2 15 3
311 3 14 3
311 4 13 3
311 5 15 3
311 6 12 3
311 7 15 3
311 8 12 3
311 9 12 3
311 10 10 3
311 11 11 3
311 12 12 3
312 1 19 5
312 2 18 5
312 3 13 5
312 4 11 5
312 5 9 5
312 6 5 5
312 7 NA 5
312 8 NA 5
312 9 NA 5
312 10 NA 5
312 11 NA 5
312 12 NA 5
313 1 16 6
313 2 16 6
313 3 11 6
313 4 9 6
313 5 7 6
313 6 5 6
313 7 NA 6
313 8 NA 6
313 9 NA 6
313 10 NA 6
313 11 NA 6
313 12 NA 6
314 1 21 5
314 2 18 5
314 3 17 5
314 4 19 5
314 5 16 5
314 6 14 5
314 7 12 5
314 8 11 5
314 9 9 5
314 10 9 5
314 11 10 5
314 12 8 5
315 1 21 6
315 2 17 6
315 3 18 6
315 4 17 6
315 5 15 6
315 6 14 6
315 7 13 6
315 8 13 6
315 9 10 6
315 10 10 6
315 11 9 6
315 12 7 6
316 1 13 6
316 2 12 6
316 3 9 6
316 4 8 6
316 5 6 6
316 6 4 6
316 7 NA 6
316 8 NA 6
316 9 NA 6
316 10 NA 6
316 11 NA 6
316 12 NA 6
317 1 18 2
317 2 16 2
317 3 18 2
317 4 16 2
317 5 16 2
317 6 15 2
317 7 17 2
317 8 15 2
317 9 15 2
317 10 16 2
317 11 17 2
317 12 14 2
318 1 25 1
318 2 22 1
318 3 22 1
318 4 22 1
318 5 21 1
318 6 20 1
318 7 18 1
318 8 19 1
318 9 16 1
318 10 16 1
318 11 14 1
318 12 14 1
319 1 16 5
319 2 17 5
319 3 22 5
319 4 20 5
319 5 22 5
319 6 24 5
319 7 24 5
319 8 28 5
319 9 26 5
319 10 28 5
319 11 29 5
319 12 32 5
320 1 21 4
320 2 19 4
320 3 16 4
320 4 13 4
320 5 11 4
320 6 10 4
320 7 6 4
320 8 6 4
320 9 5 4
320 10 NA 4
320 11 NA 4
320 12 NA 4
321 1 22 1
321 2 22 1
321 3 23 1
321 4 24 1
321 5 23 1
321 6 24 1
321 7 22 1
321 8 23 1
321 9 24 1
321 10 24 1
321 11 21 1
321 12 22 1
322 1 21 5
322 2 20 5
322 3 15 5
322 4 17 5
322 5 14 5
322 6 14 5
322 7 10 5
322 8 10 5
322 9 10 5
322 10 10 5
322 11 8 5
322 12 6 5
323 1 13 0
323 2 12 0
323 3 13 0
323 4 13 0
323 5 12 0
323 6 11 0
323 7 12 0
323 8 13 0
323 9 12 0
323 10 11 0
323 11 13 0
323 12 14 0
324 1 15 2
324 2 15 2
324 3 16 2
324 4 15 2
324 5 15 2
324 6 16 2
324 7 16 2
324 8 19 2
324 9 19 2
324 10 19 2
324 11 19 2
324 12 17 2
325 1 12 7
325 2 9 7
325 3 7 7
325 4 6 7
325 5 NA 7
325 6 NA 7
325 7 NA 7
325 8 NA 7
325 9 NA 7
325 10 NA 7
325 11 NA 7
325 12 NA 7
326 1 21 1
326 2 20 1
326 3 18 1
326 4 18 1
326 5 17 1
326 6 17 1
326 7 17 1
326 8 17 1
326 9 13 1
326 10 14 1
326 11 13 1
326 12 13 1
327 1 19 3
327 2 20 3
327 3 23 3
327 4 22 3
327 5 23 3
327 6 22 3
327 7 23 3
327 8 23 3
327 9 23 3
327 10 25 3
327 11 25 3
327 12 25 3
328 1 14 7
328 2 12 7
328 3 14 7
328 4 12 7
328 5 9 7
328 6 11 7
328 7 9 7
328 8 6 7
328 9 5 7
328 10 4 7
328 11 4 7
328 12 NA 7
329 1 18 2
329 2 20 2
329 3 19 2
329 4 23 2
329 5 23 2
329 6 23 2
329 7 27 2
329 8 26 2
329 9 27 2
329 10 29 2
329 11 29 2
329 12 31 2
330 1 19 4
330 2 18 4
330 3 17 4
330 4 16 4
330 5 13 4
330 6 12 4
330 7 12 4
330 8 10 4
330 9 10 4
330 10 8 4
330 11 7 4
330 12 5 4
331 1 21 8
331 2 22 8
331 3 20 8
331 4 21 8
331 5 18 8
331 6 19 8
331 7 16 8
331 8 15 8
331 9 13 8
331 10 15 8
331 11 14 8
331 12 13 8
332 1 25 6
332 2 23 6
332 3 26 6
332 4 24 6
332 5 22 6
332 6 22 6
332 7 22 6
332 8 22 6
332 9 19 6
332 10 20 6
332 11 20 6
332 12 19 6
333 1 16 5
333 2 15 5
333 3 14 5
333 4 12 5
333 5 11 5
333 6 8 5
333 7 6 5
333 8 5 5
333 9 NA 5
333 10 NA 5
333 11 NA 5
333 12 NA 5
334 1 19 8
334 2 18 8
334 3 14 8
334 4 11 8
334 5 7 8
334 6 6 8
334 7 4 8
334 8 NA 8
334 9 NA 8
334 10 NA 8
334 11 NA 8
334 12 NA 8
335 1 21 6
335 2 18 6
335 3 20 6
335 4 23 6
335 5 20 6
335 6 22 6
335 7 21 6
335 8 24 6
335 9 23 6
335 10 25 6
335 11 24 6
335 12 25 6
336 1 22 3
336 2 20 3
336 3 16 3
336 4 14 3
336 5 9 3
336 6 8 3
336 7 5 3
336 8 NA 3
336 9 NA 3
336 10 NA 3
336 11 NA 3
336 12 NA 3
337 1 22 8
337 2 22 8
337 3 21 8
337 4 17 8
337 5 17 8
337 6 15 8
337 7 13 8
337 8 12 8
337 9 11 8
337 10 11 8
337 11 10 8
337 12 8 8
338 1 20 4
338 2 18 4
338 3 18 4
338 4 13 4
338 5 16 4
338 6 13 4
338 7 13 4
338 8 10 4
338 9 12 4
338 10 9 4
338 11 8 4
338 12 7 4
339 1 24 0
339 2 22 0
339 3 20 0
339 4 20 0
339 5 18 0
339 6 14 0
339 7 11 0
339 8 9 0
339 9 6 0
339 10 NA 0
339 11 NA 0
339 12 NA 0
340 1 21 9
340 2 19 9
340 3 18 9
340 4 13 9
340 5 8 9
340 6 6 9
340 7 NA 9
340 8 NA 9
340 9 NA 9
340 10 NA 9
340 11 NA 9
340 12 NA 9
341 1 20 4
341 2 17 4
341 3 14 4
341 4 12 4
341 5 10 4
341 6 7 4
341 7 6 4
341 8 NA 4
341 9 NA 4
341 10 NA 4
341 11 NA 4
341 12 NA 4
342 1 22 6
342 2 19 6
342 3 17 6
342 4 15 6
342 5 13 6
342 6 9 6
342 7 6 6
342 8 4 6
342 9 NA 6
342 10 NA 6
342 11 NA 6
342 12 NA 6
343 1 22 3
343 2 19 3
343 3 20 3
343 4 14 3
343 5 12 3
343 6 12 3
343 7 11 3
343 8 8 3
343 9 4 3
343 10 5 3
343 11 NA 3
343 12 NA 3
344 1 20 4
344 2 19 4
344 3 16 4
344 4 15 4
344 5 13 4
344 6 11 4
344 7 11 4
344 8 8 4
344 9 6 4
344 10 4 4
344 11 4 4
344 12 NA 4
345 1 20 6
345 2 21 6
345 3 21 6
345 4 20 6
345 5 17 6
345 6 19 6
345 7 18 6
345 8 15 6
345 9 14 6
345 10 13 6
345 11 12 6
345 12 11 6
346 1 19 8
346 2 17 8
346 3 16 8
346 4 15 8
346 5 12 8
346 6 11 8
346 7 10 8
346 8 6 8
346 9 7 8
346 10 5 8
346 11 NA 8
346 12 NA 8
347 1 18 2
347 2 16 2
347 3 14 2
347 4 11 2
347 5 10 2
347 6 5 2
347 7 5 2
347 8 NA 2
347 9 NA 2
347 10 NA 2
347 11 NA 2
347 12 NA 2
348 1 21 10
348 2 17 10
348 3 18 10
348 4 15 10
348 5 11 10
348 6 11 10
348 7 8 10
348 8 7 10
348 9 5 10
348 10 NA 10
348 11 NA 10
348 12 NA 10
349 1 22 6
349 2 23 6
349 3 20 6
349 4 19 6
349 5 18 6
349 6 16 6
349 7 19 6
349 8 15 6
349 9 14 6
349 10 15 6
349 11 14 6
349 12 11 6
350 1 18 6
350 2 18 6
350 3 19 6
350 4 20 6
350 5 18 6
350 6 15 6
350 7 17 6
350 8 17 6
350 9 17 6
350 10 14 6
350 11 15 6
350 12 12 6
351 1 27 2
351 2 26 2
351 3 26 2
351 4 27 2
351 5 27 2
351 6 27 2
351 7 30 2
351 8 28 2
351 9 26 2
351 10 30 2
351 11 29 2
351 12 29 2
352 1 27 1
352 2 26 1
352 3 27 1
352 4 30 1
352 5 29 1
352 6 28 1
352 7 29 1
352 8 30 1
352 9 32 1
352 10 33 1
352 11 32 1
352 12 33 1
353 1 17 3
353 2 17 3
353 3 16 3
353 4 14 3
353 5 14 3
353 6 13 3
353 7 10 3
353 8 11 3
353 9 11 3
353 10 9 3
353 11 6 3
353 12 7 3
354 1 18 6
354 2 18 6
354 3 17 6
354 4 18 6
354 5 18 6
354 6 16 6
354 7 19 6
354 8 19 6
354 9 21 6
354 10 19 6
354 11 19 6
354 12 19 6
355 1 24 4
355 2 23 4
355 3 23 4
355 4 19 4
355 5 21 4
355 6 20 4
355 7 18 4
355 8 16 4
355 9 15 4
355 10 15 4
355 11 12 4
355 12 12 4
356 1 18 2
356 2 17 2
356 3 15 2
356 4 15 2
356 5 15 2
356 6 15 2
356 7 13 2
356 8 13 2
356 9 12 2
356 10 8 2
356 11 10 2
356 12 9 2
357 1 21 8
357 2 20 8
357 3 18 8
357 4 19 8
357 5 17 8
357 6 20 8
357 7 19 8
357 8 19 8
357 9 18 8
357 10 20 8
357 11 18 8
357 12 17 8
358 1 20 4
358 2 19 4
358 3 19 4
358 4 17 4
358 5 16 4
358 6 15 4
358 7 13 4
358 8 11 4
358 9 10 4
358 10 10 4
358 11 7 4
358 12 7 4
359 1 19 5
359 2 20 5
359 3 19 5
359 4 18 5
359 5 17 5
359 6 17 5
359 7 15 5
359 8 15 5
359 9 15 5
359 10 13 5
359 11 12 5
359 12 11 5
360 1 17 7
360 2 16 7
360 3 17 7
360 4 17 7
360 5 14 7
360 6 15 7
360 7 14 7
360 8 14 7
360 9 11 7
360 10 13 7
360 11 12 7
360 12 14 7
361 1 21 4
361 2 19 4
361 3 19 4
361 4 18 4
361 5 19 4
361 6 17 4
361 7 16 4
361 8 16 4
361 9 17 4
361 10 16 4
361 11 14 4
361 12 14 4
362 1 20 3
362 2 16 3
362 3 16 3
362 4 13 3
362 5 12 3
362 6 9 3
362 7 9 3
362 8 7 3
362 9 6 3
362 10 4 3
362 11 NA 3
362 12 NA 3
363 1 18 6
363 2 18 6
363 3 17 6
363 4 12 6
363 5 12 6
363 6 8 6
363 7 7 6
363 8 4 6
363 9 5 6
363 10 NA 6
363 11 NA 6
363 12 NA 6
364 1 14 7
364 2 9 7
364 3 8 7
364 4 5 7
364 5 NA 7
364 6 NA 7
364 7 NA 7
364 8 NA 7
364 9 NA 7
364 10 NA 7
364 11 NA 7
364 12 NA 7
365 1 11 9
365 2 8 9
365 3 6 9
365 4 NA 9
365 5 NA 9
365 6 NA 9
365 7 NA 9
365 8 NA 9
365 9 NA 9
365 10 NA 9
365 11 NA 9
365 12 NA 9
366 1 23 7
366 2 21 7
366 3 21 7
366 4 21 7
366 5 19 7
366 6 16 7
366 7 15 7
366 8 14 7
366 9 14 7
366 10 12 7
366 11 11 7
366 12 10 7
367 1 23 2
367 2 20 2
367 3 20 2
367 4 19 2
367 5 16 2
367 6 16 2
367 7 15 2
367 8 15 2
367 9 12 2
367 10 13 2
367 11 11 2
367 12 11 2
368 1 17 8
368 2 16 8
368 3 14 8
368 4 16 8
368 5 14 8
368 6 14 8
368 7 13 8
368 8 13 8
368 9 11 8
368 10 13 8
368 11 13 8
368 12 11 8
369 1 13 5
369 2 15 5
369 3 14 5
369 4 15 5
369 5 15 5
369 6 14 5
369 7 15 5
369 8 16 5
369 9 14 5
369 10 14 5
369 11 15 5
369 12 15 5
370 1 21 4
370 2 19 4
370 3 15 4
370 4 16 4
370 5 15 4
370 6 14 4
370 7 13 4
370 8 11 4
370 9 11 4
370 10 10 4
370 11 7 4
370 12 7 4
371 1 20 0
371 2 19 0
371 3 19 0
371 4 15 0
371 5 13 0
371 6 12 0
371 7 13 0
371 8 9 0
371 9 7 0
371 10 6 0
371 11 5 0
371 12 NA 0
372 1 24 1
372 2 24 1
372 3 22 1
372 4 22 1
372 5 20 1
372 6 19 1
372 7 18 1
372 8 20 1
372 9 17 1
372 10 16 1
372 11 17 1
372 12 15 1
373 1 21 2
373 2 19 2
373 3 16 2
373 4 15 2
373 5 13 2
373 6 10 2
373 7 10 2
373 8 10 2
373 9 7 2
373 10 7 2
373 11 5 2
373 12 NA 2
374 1 18 6
374 2 14 6
374 3 15 6
374 4 12 6
374 5 11 6
374 6 9 6
374 7 9 6
374 8 5 6
374 9 NA 6
374 10 NA 6
374 11 NA 6
374 12 NA 6
375 1 24 5
375 2 27 5
375 3 27 5
375 4 28 5
375 5 30 5
375 6 31 5
375 7 28 5
375 8 31 5
375 9 31 5
375 10 30 5
375 11 32 5
375 12 33 5
376 1 14 7
376 2 14 7
376 3 13 7
376 4 12 7
376 5 9 7
376 6 9 7
376 7 9 7
376 8 10 7
376 9 8 7
376 10 4 7
376 11 7 7
376 12 5 7
377 1 17 3
377 2 17 3
377 3 15 3
377 4 15 3
377 5 14 3
377 6 12 3
377 7 14 3
377 8 12 3
377 9 13 3
377 10 14 3
377 11 13 3
377 12 12 3
378 1 21 3
378 2 22 3
378 3 20 3
378 4 19 3
378 5 17 3
378 6 15 3
378 7 14 3
378 8 11 3
378 9 13 3
378 10 11 3
378 11 10 3
378 12 10 3
379 1 19 3
379 2 17 3
379 3 16 3
379 4 16 3
379 5 11 3
379 6 13 3
379 7 10 3
379 8 9 3
379 9 8 3
379 10 7 3
379 11 6 3
379 12 4 3
380 1 19 6
380 2 17 6
380 3 15 6
380 4 12 6
380 5 10 6
380 6 9 6
380 7 7 6
380 8 6 6
380 9 5 6
380 10 NA 6
380 11 NA 6
380 12 NA 6
381 1 21 0
381 2 23 0
381 3 24 0
381 4 22 0
381 5 24 0
381 6 24 0
381 7 22 0
381 8 23 0
381 9 24 0
381 10 23 0
381 11 22 0
381 12 23 0
382 1 19 5
382 2 20 5
382 3 21 5
382 4 21 5
382 5 20 5
382 6 20 5
382 7 20 5
382 8 21 5
382 9 22 5
382 10 21 5
382 11 22 5
382 12 24 5
383 1 22 2
383 2 18 2
383 3 19 2
383 4 13 2
383 5 14 2
383 6 11 2
383 7 10 2
383 8 9 2
383 9 5 2
383 10 4 2
383 11 4 2
383 12 NA 2
384 1 20 8
384 2 17 8
384 3 14 8
384 4 14 8
384 5 12 8
384 6 10 8
384 7 7 8
384 8 5 8
384 9 4 8
384 10 NA 8
384 11 NA 8
384 12 NA 8
385 1 15 3
385 2 12 3
385 3 10 3
385 4 9 3
385 5 6 3
385 6 4 3
385 7 NA 3
385 8 NA 3
385 9 NA 3
385 10 NA 3
385 11 NA 3
385 12 NA 3
386 1 23 0
386 2 22 0
386 3 24 0
386 4 25 0
386 5 26 0
386 6 25 0
386 7 27 0
386 8 28 0
386 9 27 0
386 10 29 0
386 11 30 0
386 12 29 0
387 1 26 2
387 2 24 2
387 3 21 2
387 4 22 2
387 5 20 2
387 6 21 2
387 7 20 2
387 8 17 2
387 9 17 2
387 10 17 2
387 11 17 2
387 12 15 2
388 1 18 3
388 2 18 3
388 3 13 3
388 4 12 3
388 5 13 3
388 6 10 3
388 7 10 3
388 8 9 3
388 9 7 3
388 10 7 3
388 11 5 3
388 12 6 3
389 1 19 4
389 2 19 4
389 3 20 4
389 4 21 4
389 5 22 4
389 6 24 4
389 7 21 4
389 8 23 4
389 9 24 4
389 10 23 4
389 11 24 4
389 12 25 4
390 1 21 4
390 2 17 4
390 3 21 4
390 4 17 4
390 5 18 4
390 6 16 4
390 7 15 4
390 8 16 4
390 9 16 4
390 10 16 4
390 11 16 4
390 12 16 4
391 1 18 5
391 2 16 5
391 3 17 5
391 4 13 5
391 5 13 5
391 6 12 5
391 7 13 5
391 8 10 5
391 9 9 5
391 10 9 5
391 11 8 5
391 12 6 5
392 1 17 4
392 2 21 4
392 3 22 4
392 4 23 4
392 5 25 4
392 6 21 4
392 7 26 4
392 8 27 4
392 9 28 4
392 10 30 4
392 11 28 4
392 12 31 4
393 1 23 6
393 2 24 6
393 3 22 6
393 4 20 6
393 5 19 6
393 6 15 6
393 7 13 6
393 8 13 6
393 9 11 6
393 10 9 6
393 11 6 6
393 12 4 6
394 1 21 4
394 2 19 4
394 3 19 4
394 4 19 4
394 5 18 4
394 6 15 4
394 7 15 4
394 8 13 4
394 9 13 4
394 10 12 4
394 11 10 4
394 12 9 4
395 1 17 3
395 2 17 3
395 3 18 3
395 4 17 3
395 5 19 3
395 6 17 3
395 7 18 3
395 8 19 3
395 9 19 3
395 10 20 3
395 11 21 3
395 12 19 3
396 1 17 4
396 2 15 4
396 3 13 4
396 4 14 4
396 5 14 4
396 6 13 4
396 7 12 4
396 8 14 4
396 9 11 4
396 10 10 4
396 11 11 4
396 12 9 4
397 1 21 2
397 2 21 2
397 3 21 2
397 4 22 2
397 5 22 2
397 6 22 2
397 7 23 2
397 8 21 2
397 9 18 2
397 10 21 2
397 11 20 2
397 12 22 2
398 1 23 6
398 2 23 6
398 3 22 6
398 4 20 6
398 5 16 6
398 6 17 6
398 7 17 6
398 8 14 6
398 9 15 6
398 10 14 6
398 11 10 6
398 12 8 6
399 1 20 7
399 2 20 7
399 3 21 7
399 4 21 7
399 5 19 7
399 6 20 7
399 7 20 7
399 8 21 7
399 9 22 7
399 10 19 7
399 11 22 7
399 12 21 7
400 1 12 5
400 2 10 5
400 3 11 5
400 4 9 5
400 5 6 5
400 6 9 5
400 7 8 5
400 8 5 5
400 9 5 5
400 10 NA 5
400 11 NA 5
400 12 NA 5
401 1 15 2
401 2 18 2
401 3 19 2
401 4 18 2
401 5 18 2
401 6 19 2
401 7 20 2
401 8 20 2
401 9 20 2
401 10 20 2
401 11 21 2
401 12 22 2
402 1 16 0
402 2 15 0
402 3 16 0
402 4 14 0
402 5 15 0
402 6 13 0
402 7 11 0
402 8 13 0
402 9 13 0
402 10 11 0
402 11 11 0
402 12 12 0
403 1 16 7
403 2 17 7
403 3 17 7
403 4 19 7
403 5 19 7
403 6 21 7
403 7 21 7
403 8 21 7
403 9 19 7
403 10 21 7
403 11 21 7
403 12 21 7
404 1 20 6
404 2 19 6
404 3 17 6
404 4 18 6
404 5 17 6
404 6 16 6
404 7 14 6
404 8 15 6
404 9 15 6
404 10 13 6
404 11 14 6
404 12 12 6
405 1 29 3
405 2 27 3
405 3 22 3
405 4 17 3
405 5 15 3
405 6 10 3
405 7 8 3
405 8 5 3
405 9 NA 3
405 10 NA 3
405 11 NA 3
405 12 NA 3
406 1 17 1
406 2 18 1
406 3 18 1
406 4 18 1
406 5 17 1
406 6 17 1
406 7 17 1
406 8 19 1
406 9 17 1
406 10 17 1
406 11 17 1
406 12 16 1
407 1 17 1
407 2 18 1
407 3 17 1
407 4 17 1
407 5 14 1
407 6 17 1
407 7 17 1
407 8 15 1
407 9 15 1
407 10 13 1
407 11 15 1
407 12 15 1
408 1 17 3
408 2 14 3
408 3 13 3
408 4 13 3
408 5 11 3
408 6 11 3
408 7 8 3
408 8 5 3
408 9 6 3
408 10 4 3
408 11 NA 3
408 12 NA 3
409 1 20 0
409 2 20 0
409 3 18 0
409 4 15 0
409 5 14 0
409 6 13 0
409 7 9 0
409 8 12 0
409 9 5 0
409 10 4 0
409 11 NA 0
409 12 NA 0
410 1 21 4
410 2 23 4
410 3 23 4
410 4 21 4
410 5 21 4
410 6 22 4
410 7 22 4
410 8 22 4
410 9 21 4
410 10 21 4
410 11 22 4
410 12 22 4
411 1 19 4
411 2 17 4
411 3 18 4
411 4 15 4
411 5 12 4
411 6 14 4
411 7 12 4
411 8 11 4
411 9 10 4
411 10 9 4
411 11 5 4
411 12 7 4
412 1 19 3
412 2 17 3
412 3 19 3
412 4 19 3
412 5 18 3
412 6 19 3
412 7 18 3
412 8 20 3
412 9 19 3
412 10 18 3
412 11 17 3
412 12 19 3
413 1 23 1
413 2 21 1
413 3 21 1
413 4 22 1
413 5 23 1
413 6 22 1
413 7 21 1
413 8 21 1
413 9 20 1
413 10 22 1
413 11 22 1
413 12 22 1
414 1 19 7
414 2 16 7
414 3 13 7
414 4 9 7
414 5 7 7
414 6 6 7
414 7 NA 7
414 8 NA 7
414 9 NA 7
414 10 NA 7
414 11 NA 7
414 12 NA 7
415 1 18 0
415 2 20 0
415 3 22 0
415 4 24 0
415 5 29 0
415 6 30 0
415 7 30 0
415 8 33 0
415 9 36 0
415 10 38 0
415 11 41 0
415 12 42 0
416 1 14 10
416 2 14 10
416 3 12 10
416 4 11 10
416 5 7 10
416 6 8 10
416 7 5 10
416 8 NA 10
416 9 NA 10
416 10 NA 10
416 11 NA 10
416 12 NA 10
417 1 24 4
417 2 23 4
417 3 22 4
417 4 20 4
417 5 19 4
417 6 18 4
417 7 17 4
417 8 16 4
417 9 15 4
417 10 12 4
417 11 12 4
417 12 10 4
418 1 17 6
418 2 17 6
418 3 16 6
418 4 17 6
418 5 16 6
418 6 15 6
418 7 15 6
418 8 11 6
418 9 11 6
418 10 9 6
418 11 10 6
418 12 9 6
419 1 27 0
419 2 27 0
419 3 27 0
419 4 24 0
419 5 25 0
419 6 24 0
419 7 27 0
419 8 25 0
419 9 25 0
419 10 24 0
419 11 25 0
419 12 24 0
420 1 25 8
420 2 25 8
420 3 22 8
420 4 23 8
420 5 22 8
420 6 21 8
420 7 22 8
420 8 20 8
420 9 20 8
420 10 18 8
420 11 17 8
420 12 17 8
421 1 22 3
421 2 23 3
421 3 24 3
421 4 23 3
421 5 23 3
421 6 27 3
421 7 26 3
421 8 26 3
421 9 26 3
421 10 25 3
421 11 27 3
421 12 29 3
422 1 18 0
422 2 20 0
422 3 22 0
422 4 22 0
422 5 22 0
422 6 24 0
422 7 25 0
422 8 26 0
422 9 28 0
422 10 28 0
422 11 30 0
422 12 32 0
423 1 18 3
423 2 17 3
423 3 15 3
423 4 15 3
423 5 13 3
423 6 13 3
423 7 11 3
423 8 13 3
423 9 11 3
423 10 10 3
423 11 12 3
423 12 9 3
424 1 19 0
424 2 20 0
424 3 16 0
424 4 16 0
424 5 16 0
424 6 15 0
424 7 14 0
424 8 15 0
424 9 15 0
424 10 14 0
424 11 13 0
424 12 12 0
425 1 16 8
425 2 18 8
425 3 16 8
425 4 18 8
425 5 16 8
425 6 15 8
425 7 15 8
425 8 15 8
425 9 14 8
425 10 16 8
425 11 15 8
425 12 16 8
426 1 18 3
426 2 19 3
426 3 19 3
426 4 19 3
426 5 19 3
426 6 17 3
426 7 16 3
426 8 14 3
426 9 15 3
426 10 15 3
426 11 16 3
426 12 16 3
427 1 19 6
427 2 17 6
427 3 15 6
427 4 15 6
427 5 14 6
427 6 13 6
427 7 12 6
427 8 10 6
427 9 8 6
427 10 9 6
427 11 7 6
427 12 6 6
428 1 25 3
428 2 24 3
428 3 24 3
428 4 20 3
428 5 21 3
428 6 19 3
428 7 19 3
428 8 16 3
428 9 15 3
428 10 15 3
428 11 14 3
428 12 12 3
429 1 13 3
429 2 16 3
429 3 17 3
429 4 17 3
429 5 18 3
429 6 17 3
429 7 21 3
429 8 21 3
429 9 20 3
429 10 21 3
429 11 22 3
429 12 23 3
